{
  "samples": [
    {
      "x": 2.4520092010498047,
      "y": 4.357899188995361,
      "heading": -0.5224035939146339,
      "angularVelocity": -8.401640944823399e-24,
      "velocityX": 3.184012311833531e-23,
      "velocityY": 2.56677315923173e-23,
      "timestamp": 0
    },
    {
      "x": 2.4662015438079834,
      "y": 4.372091293334961,
      "heading": -0.577902115201878,
      "angularVelocity": -1.0634026595862465,
      "velocityX": 0.27193832708973126,
      "velocityY": 0.2719337587706941,
      "timestamp": 0.05218956411942555
    },
    {
      "x": 2.4662015438079834,
      "y": 4.372091293334961,
      "heading": -0.577902115201878,
      "angularVelocity": 8.489004294650442e-24,
      "velocityX": -3.185488363100648e-23,
      "velocityY": -2.5659446550402734e-23,
      "timestamp": 0.1043791282388511
    }
  ],
  "eventMarkers": []
}